function C = aapcmap

C = [0,0,0;
3,1,4;
6,2,8;
9,4,11;
12,5,15;
15,6,19;
18,7,23;
21,8,26;
24,10,30;
27,11,34;
30,12,38;
33,13,41;
36,15,45;
39,16,49;
42,17,53;
45,18,57;
48,19,60;
51,21,64;
54,22,68;
57,23,72;
60,24,75;
63,25,79;
66,27,83;
69,28,87;
72,29,90;
75,30,94;
78,32,98;
81,33,102;
84,34,106;
87,35,109;
90,36,113;
93,38,117;
96,39,121;
99,40,124;
102,41,128;
105,42,132;
108,44,136;
111,45,139;
114,46,143;
117,47,147;
120,48,151;
123,50,155;
126,51,158;
129,52,162;
132,53,166;
135,55,170;
138,56,173;
141,57,177;
144,58,181;
147,59,185;
150,61,188;
153,62,192;
156,63,196;
159,64,200;
162,65,204;
165,67,207;
168,68,211;
171,69,215;
174,70,219;
177,72,222;
180,73,226;
183,74,230;
186,75,234;
189,76,237;
190,78,240;
188,79,241;
186,81,241;
183,83,241;
181,85,241;
179,86,242;
176,88,242;
174,90,242;
172,91,242;
169,93,242;
167,95,243;
165,97,243;
162,98,243;
160,100,243;
158,102,244;
155,104,244;
153,105,244;
151,107,244;
148,109,245;
146,110,245;
144,112,245;
141,114,245;
139,116,245;
137,117,246;
134,119,246;
132,121,246;
130,122,246;
127,124,247;
125,126,247;
123,128,247;
120,129,247;
118,131,248;
116,133,248;
113,135,248;
111,136,248;
109,138,248;
107,140,249;
104,141,249;
102,143,249;
100,145,249;
97,147,250;
95,148,250;
93,150,250;
90,152,250;
88,153,251;
86,155,251;
83,157,251;
81,159,251;
79,160,251;
76,162,252;
74,164,252;
72,165,252;
69,167,252;
67,169,253;
65,171,253;
62,172,253;
60,174,253;
58,176,254;
55,178,254;
53,179,254;
51,181,254;
48,183,254;
46,184,255;
44,186,255;
44,187,253;
46,188,249;
48,189,246;
51,190,242;
53,191,238;
55,192,234;
58,193,231;
60,194,227;
62,195,223;
65,196,219;
67,197,216;
69,198,212;
72,199,208;
74,200,204;
76,201,201;
79,202,197;
81,203,193;
83,204,189;
86,205,186;
88,206,182;
90,207,178;
93,208,174;
95,209,171;
97,210,167;
100,210,163;
102,211,159;
104,212,156;
107,213,152;
109,214,148;
112,215,145;
114,216,141;
116,217,137;
119,218,133;
121,219,130;
123,220,126;
126,221,122;
128,222,118;
130,223,115;
133,224,111;
135,225,107;
137,226,103;
140,227,100;
142,228,96;
144,229,92;
147,230,88;
149,231,85;
151,232,81;
154,232,77;
156,233,73;
158,234,70;
161,235,66;
163,236,62;
165,237,58;
168,238,55;
170,239,51;
172,240,47;
175,241,43;
177,242,40;
179,243,36;
182,244,32;
184,245,28;
186,246,25;
189,247,21;
191,248,17;
192,248,19;
193,248,23;
194,248,27;
195,248,30;
196,249,34;
197,249,38;
198,249,42;
199,249,45;
200,249,49;
201,249,53;
202,249,56;
203,249,60;
204,249,64;
205,250,68;
206,250,71;
207,250,75;
208,250,79;
209,250,83;
210,250,86;
211,250,90;
212,250,94;
213,250,98;
214,251,101;
215,251,105;
216,251,109;
217,251,113;
218,251,116;
219,251,120;
220,251,124;
221,251,128;
222,251,131;
223,252,135;
224,252,139;
225,252,143;
226,252,146;
227,252,150;
228,252,154;
229,252,158;
230,252,161;
231,252,165;
232,252,169;
233,253,173;
234,253,176;
235,253,180;
236,253,184;
237,253,188;
238,253,191;
239,253,195;
240,253,199;
241,253,203;
242,254,206;
243,254,210;
244,254,214;
245,254,218;
246,254,221;
247,254,225;
248,254,229;
249,254,233;
250,254,236;
251,255,240;
252,255,244;
253,255,248;
254,255,251;
255,255,255];

C = C/255;

end
